201818013626039
201818013626041
201818013626042
201818013626043
201818013626044
201818013626045
201818013626046
201818013626047
201818013626049
201818013626050
201818013626051
201818013626052
201818013626053
201818013626054
201818013626055
201818013626056
201818013626057
201818013626058
201818013626061
201818013626063
201818013626065
201818013626066
201818013626067
201818013626068
201818013626069
201818013726035
201818013726040
201818013727055
201818013727056
201818013727059
201818013727060
201818013822001
201818013822002
201818013826001
201818013826002
201818013826003
201818013826004
201818013826005
201818013826006
201818013826007
201818013826038
201818013826045
201818013827001
201818013827003
201818013827004
201818013907034
201818013907035
201818013919002
201818013919011
201818013919016
201818013919022
201818013919029
201818013919035
201818013919039
201818013919040
201818013919042
201818013919044
201818013920024
201818013920028
201818013920034
201818013920041
201818013920044
201818013920047
201818013920049
201818013920050
201818013920051
201818013920052
201818013926002
201818014007001
201818014007002
201818014007003
201818014007004
201818014007005
201818014007006
201818014020001
201818014020002
201818014020003
201818014020004
201818014020005
201818014020006
201818014020007
201818014020008
201818014020009
201818014020010
201818014020011
201818014020013
201818014020014
201818014020016
201818014020020
201818014020021
201818014020022
201818014020023
201818014020024
201818014020026
201818014020028
201818014020030
201818014020031
201818014020038
201818014022001
201818014022002
201818014022004
201818014022007
201818014022008
201818014022013
201818014207002
201818014207003
201818014207005
201818014207007
201818014207009
201818014207010
201818014207011
201818014220003
201818014220004
201818014220005
201818014220006
201818014220009
201818014220010
201818014220011
201818014220013
201818014220015
201818014226001
201818014226002
201818014226004
201818014227005
201818014227008
201818014227010
201818014227011
201818014227012
201818014227013
201818014227015
201818014227016
201818014326036
201818014326037
201818014326038
201818014326039
201818014326040
201818014326041
201818014628020
201818014628031
201818014628032
201818014628033
201818014628035
201818014628050
201818014628053
201818014628056
201818014628089
201818014628093
201818014719004
201818014719005
201818014719006
201818014719007
201818014719009
201818014719011
201818014719012
201818014719014
201818014728003
201818014728004
201818014728005
201818014728006
201818014728007
201818014728008
201818014728009
201818014728010
201818014728011
201818014728012
201818014728013
201818014728015
201818014728017
201818014825019
201818014825026
201818014825031
201818014825032
201818014825033
201818014924001
201818014924002
201818014924004
201818014924006
201818014924007
201818014924008
201818014924009
201818014924010
201818014933001
201818014933002
201818014933003
201818014933004
201818014933005
201818014933007
201818014933011
201818015029013
201818015029016
201818015059009
201818015059012
201818015059014
201818015059016
201818015059017
201818015059018
201818015059026
201818015070003
201818015120001
201818015121005
201818015121006
201818015121007
201818015121009
201818015121014
201818015127010
201818015127011
201818015127013
201818015329002
201818015329003
201818015329004
201818015329006
201818015329008
201818015329009
201818015329010
201818015329011
201818015547012
201818015547013
201818015547018
201818015615001
201818015615002
201818015615003
201818015615004
201818015651002
201818015651005
201818015814002
201818015814004
201818015837003
201818015837005
201818015837006
201818015837009
201818015926001
201818015926002
201818015926003
201818015926004
201818015926005
201818015926006
201818015926007
201818015926008
201818015926009
201818015926010
201818015926011
201818015926029
201818015926030
201818015926031
201818015926032
201818015926033
201818015926034
201818015926035
201818015926037
201818015926038
201818015926039
201818015926041
201818015926043
201818015926044
201818015926046
201818015926047
201818015926048
201818015926049
201818015926050
201818015926051
201818015926052
201818015926053
201818015926054
201818015926055
201818015926056
201818015926057
201818015926058
201818015926059
201818015926060
201818015926061
201818015926062
201818015926063
201818015926064
201818015926066
201818015926068
201818015926069
201818015926070
201818015926071
201818015926072
201818015926073
201818015926074
201818015926076
201818015926077
201818015926078
201818015926079
201818015926080
201818015926081
201818015926082
201818015926084
201818015926085
201818015926086
201818015926087
201818015926088
201818015926090
201818015926091
201818015926092
201818015926093
201818015926094
201818015926096
201818015926098
201818015926099
201818016029005
201818016029011
201818016029014
201818016251004
201818016251005
201818016251010
201818016251011
201818016251014
201818016251016
201818016251019
201818016251020
201818016443006
201818016443008
201818016443020
201818016443023
201818016514005
201818016514007
201818016514008
201818016514011
201818016514012
201818016514013
201818016514015
201818016514016
201818016514018
201818016514019
201818016514020
201818016514025
201818016514026
201818016514028
201818016514029
201818016514036
201818016514037
201818016514042
201818016514052
201818016537004
201818016537006
201818016537007
201818016537008
201818016537009
201818016537010
201818016537011
201818016537015
201818016537016
201818016537022
201818016537023
201818016537024
201818016537025
201818016609002
201818016609006
201818016715023
